
[[0], [1], [0], [0], [1], [1], [1], [1], [1], [0], [0], [0], [1], [1], [1], [0], [1], [0], [1], [1], [0], [0], [0]]

[[0], [1], [0], [1], [1], [0], [0], [1], [1], [0], [0], [1], [1], [0], [1], [1], [0], [1], [0], [0], [0], [1], [0]]

[[0], [1], [1], [1], [1], [1], [0], [1], [1], [1], [0], [0], [1], [1], [1], [1], [0], [0], [1], [1], [1], [1], [1]]
train
Average reward for 3:-253.000000.
Average reward for 3:-253.000000.

[[0], [1], [1], [1], [1], [1], [1], [1], [1], [1], [1], [1], [1], [1], [1], [1], [1], [1], [1], [1], [1], [1], [1]]

[[0], [1], [1], [1], [1], [1], [1], [1], [1], [1], [1], [1], [1], [1], [1], [1], [1], [1], [1], [1], [1], [1], [1]]

[[0], [1], [1], [1], [1], [1], [1], [1], [1], [1], [1], [1], [1], [1], [1], [1], [1], [1], [1], [1], [1], [1], [1]]
train
Average reward for 6:-253.000000.
Average reward for 6:-253.000000.
Task soveld in 6
training done
操控序列： [[0], [0], [0], [1], [1], [0], [0], [0], [1], [1], [1], [1], [1], [1], [1], [1], [1], [1], [1], [1], [1], [1], [1]]
得分： -3903.0
操控序列： [[0], [0], [0], [1], [1], [0], [0], [0], [1], [1], [1], [1], [1], [1], [1], [1], [1], [1], [1], [1], [1], [1], [1]]
得分： -3903.0
操控序列： [[0], [0], [0], [1], [1], [0], [0], [0], [0], [1], [1], [0], [0], [0], [0], [1], [1], [1], [0], [0], [0], [0], [0]]
得分： -2573.0
操控序列： [[0], [0], [0], [1], [1], [0], [0], [0], [0], [1], [1], [0], [0], [0], [0], [1], [1], [1], [1], [0], [0], [0], [0]]
得分： -2573.0
操控序列： [[0], [0], [0], [1], [1], [0], [0], [0], [1], [1], [1], [1], [1], [1], [1], [1], [1], [1], [1], [1], [1], [1], [1]]
得分： -3993.0
操控序列： [[0], [0], [0], [1], [1], [0], [0], [0], [1], [1], [1], [1], [1], [1], [1], [1], [1], [1], [1], [1], [1], [1], [1]]
得分： -3733.0
操控序列： [[0], [0], [0], [1], [1], [0], [0], [0], [0], [1], [1], [1], [1], [1], [1], [1], [1], [1], [1], [1], [1], [1], [1]]
得分： -2483.0
操控序列： [[0], [0], [0], [1], [1], [0], [0], [0], [0], [1], [1], [0], [0], [0], [0], [0], [1], [1], [1], [0], [0], [0], [0]]
得分： -2583.0
操控序列： [[0], [0], [0], [1], [1], [0], [0], [0], [0], [1], [1], [1], [0], [0], [0], [1], [1], [1], [1], [1], [0], [0], [0]]
得分： -2553.0
操控序列： [[0], [0], [0], [1], [1], [0], [0], [0], [1], [1], [1], [1], [1], [1], [1], [1], [1], [1], [1], [1], [1], [1], [1]]
得分： -2473.0